product_id
2234
2238
2242
2246
2250
2254
2258
2262
2266
2270
2273
2276
2279
2282
2285
2288
2291
2294
2297
2300
2303
2306
2309
2312
2315
2318
2321
2324
2327
2330
2334
2342
2346
2350
2354
2358
2362
2366
2370
2374
2378
2382
2386
2390
2406
2410
2414
2418
2422
2426
2430
2434
2438
2442
2446
2450
2454
2458
2462
2466
2470
2474
2478
2482
2486
2490
2494
2498
2502
2506
2510
2514
2518
2522
2525
2528
2531
2534
2537
2540
2543
2546
2549
2553
2557
2561
2565
2569
2573
2577
2581
2585
2589
2593
2596
2599
2602
2605
2608
2611
2617
2621
2625
2628
2632
2636
2640
2644
2648
2652
2656
2660
2664
2668
2672
2676
2680
2684
2692
2699
2708
2974
3134
3270
3281
3289
3290
3296
3297
3298
3299
3312
3762